23467
31417
29311
841
17349
22584
19935
30170
15685
23132
21697
11650
21662
28574
16464
12567
7772
7981
27789
22499
4788
17972
12425
4353
18272
14939
1751
14858
31658
30096
6721
18674
10950
12039
2746
19756
6244
1407
32404
3093
2950
7880
21491
15503
11151
24706
1666
9708
13213
9767
7524
9743
28697
6220
13678
25293
14989
2339
31635
10905
26549
31301
11167
18529
23512
12206
26409
20147
14680
29705
30914
7716
23945
29231
22387
10994
8127
18410
32359
17896
1707
13822
27876
27778
26599
4458
25216
25682
9679
23019
11153
9634
32659
6594
4581
22875
10122
29367
17843
28198
5065
31838
21202
2256
15605
22425
30249
21491
16213
7006
26471
29395
4651
32442
27380
7046
18757
25622
16423
7256
5327
10682
16313
20589
29547
25487
15993
18344
19076
25129
2114
9676
22750
11012
1834
31969
14194
17934
27389
9946
23674
1126
25834
25204
21704
9316
19323
14177
10075
30425
15051
26022
5940
27032
1267
25666
14182
6965
1733
13072
1389
23564
13501
1006
32192
16517
29748
32543
24234
10391
5335
9966
3413
24715
32344
7828
20776
16131
26211
22620
22866
25658
8916
28421
16551
32397
27687
11880
940
14395
9263
3931
7405
12905
29963
10964
15255
12649
23639
26706
18498
24123
30367
27512
11279
16724
7961
1275
3571
23199
14227
10943
31314
31426
11434
15165
10448
16802
2621
4136
21604
26153
13345
9296
22958
11079
5910
20678
3978
9782
26106
25921
3557
14851
14141
8128
22223
27722
5781
18289
5586
30529
24307
28370
27010
15607
28853
8470
27478
32734
6173
32458
27062
1160
14338
3512
2133
174
3269
16396
15041
31606
7047
30389
19769
757
8601
782
28606
23283
6196
27582
30572
2287
8299
30941
18955
24931
27485
19288
10210
31306
29359
918
18379
9950
5434
15195
31117
24742
27648
22253
16997
16816
27493
29046
10214
29724
9372
26794
7428
15066
15199
19369
17771
30643
25571
12583
789
21134
32011
14538
539
26092
6876
15315
14027
5302
5425
28929
508
27960
28335
1970
28574
15725
10236
32332
17301
15485
21292
14299
18632
28036
31612
5372
5748
8085
13635
5113
16327
12031
27173
15413
8618
27598
13706
22731
17118
18837
25934
18034
31306
15467
29371
22692
20371
26420
1972
6655
18926
32546
25650
27627
8498
2171
14325
18813
1330
20636
17523
12699
28489
18750
23317
31841
12854
10488
2978
8132
15402
29957
5883
10101
16160
22600
31242
25608
13165
27533
9461
5462
26776
21266
12951
5152
6251
21830
13360
16117
12362
20176
25947
11861
17604
10195
23617
29718
25448
11888
2573
27143
14042
31373
8096
21460
12582
16085
10885
22569
12371
11008
32295
5402
20796
17237
15681
21443
25755
20845
6039
7979
14951
21049
4068
17007
14176
1351
24083
29212
26856
320
16817
9436
2836
29110
22691
24405
13571
25116
19988
30542
8046
14870
30130
4627
14721
20212
10010
25115
32745
11896
28048
26601
18991
1760
24564
14896
580
20512
13553
6458
31325
6768
26488
20874
21760
9734
32621
12737
13151
10277
21152
6078
7654
24918
20990
22793
23312
26870
14089
2674
10366
20976
9605
27381
2634
3276
5492
30177
9369
10985
6469
24634
21359
26374
21577
1371
29896
5895
13670
1759
6372
27382
18959
9154
3298
7497
15731
2756
29584
30819
22517
11278
24706
21853
4829
19992
10593
30725
5197
27082
24966
27687
10102
4578
13255
18444
1291
27029
3729
30785
32758
28281
22072
30873
27211
6562
4490
7797
18042
7179
17578
22595
6344
14904
28188
1605
27904
2842
23068
20628
25701
7731
16436
7780
24556
19707
24333
4745
6824
15233
2694
12603
18566
19541
24579
4886
3386
2982
5383
18788
24441
21928
5126
22431
11369
15416
23412
26162
20310
28611
21282
4736
12710
12132
3018
39
9999
1100
7401
3974
23047
19559
5324
23933
23676
22589
12014
28787
12486
8214
17537
13982
24282
21601
11083
14718
27072
19798
30387
10923
14663
7643
20252
11729
19447
19876
21361
1017
17735
32415
14593
31754
11280
399
7566
19599
27970
7670
16288
15034
30422
4409
4383
12969
32515
2303
22561
13545
19381
7386
20993
15673
3643
2857
3249
1680
10047
15677
27217
20577
26364
22202
768
2333
7595
21568
22770
506
4158
32075
4802
4083
9553
11608
12298
15887
24158
14410
27698
29927
28976
28171
17285
15202
5530
374
20106
29892
23400
22133
26513
16359
7318
31590
20108
23495
24512
20932
16160
13637
16090
10755
11516
548
9761
22203
6762
3416
32593
31497
15651
6272
7449
6195
25960
30385
31436
7818
23374
17525
9305
1429
9818
24851
23165
12139
29517
3345
18231
7009
3137
20984
22141
11237
5877
5975
1837
938
3430
2314
18502
15878
9375
12988
13912
1688
5585
29867
19769
21549
32166
13739
25082
19172
17875
30318
31001
2449
19693
10754
19704
26208
16509
30619
6286
24251
23894
18835
31325
15981
2598
19887
932
16903
76
19108
18389
14466
30441
28378
73
26663
1082
31855
6195
15020
10533
30335
13523
29856
15121
13219
3564
31753
8187
31159
10871
29259
4294
1761
21913
9547
21971
11214
24531
7125
12754
23359
121
16699
28376
21189
27493
29759
16817
16584
28396
32051
30583
3022
11793
12127
8547
7930
19193
14755
13028
24531
5535
27230
17902
12616
4809
27278
31125
10224
28475
13368
7898
21398
13098
18442
10181
16884
18931
26175
3252
7871
12813
20163
7154
5348
26940
19607
26507
21778
26888
4216
17759
25976
18286
7867
5494
7888
20437
21628
17043
31388
10308
18423
12556
5807
22225
2102
4056
4592
15197
32749
16362
9819
20862
32674
17853
9288
20157
13072
31025
13040
28930
1486
26517
31277
4428
15148
7173
6529
20133
15710
16886
4186
25942
26588
22031
31636
1623
20744
22843
19520
17161
22289
14844
23460
24871
29720
26626
130
11002
7570
17916
2462
4045
13038
28078
16762
10401
16247
31299
24420
29986
4987
19685
2482
25817
30893
32652
19789
162
1480
31251
11884
18529
21877
23953
13986
6385
9327
14822
9243
11869
6885
16788
7715
5715
17696
28625
4839
9941
32613
21722
8832
19762
22813
31881
15149
18741
13107
9002
19168
10396
7614
11403
10749
5835
14560
4434
9054
21698
7405
13971
15770
27981
3536
25506
10631
31098
32171
18982
31229
2384
8894
21615
2269
1214
9354
11786
11602
6354
9270
